0.0290104780024
0.0338549402109
0.0381352899682
0.0417923872585
0.0439296363178
0.0453209480623
0.0480535587154
0.0518249034141
0.0541430692286
0.0546645916346
0.0563366696831
0.0576965196742
0.0583411860468
0.0584962532757
0.0594279088675
0.0606128049173
0.0620972731051
0.0651315762511
0.0664472648955
0.0664660173357
0.0678439333967
0.0701617601434
0.0721517198741
0.0736339356793
0.0747339152614
0.0761265535058
0.0767254823825
0.0767566132278
0.0792865331622
0.0845290177722
0.0902485751919
0.0945403955595
0.0963904495145
0.096977961835
0.0989947865306
0.100300897791
0.100621796073
0.100682005436
0.101957064651
0.104328918652
0.107238095344
0.10928663743
0.111258853668
0.113691339811
0.115508341952
0.11758313942
0.120049184815
0.120266868278
0.123632799147
0.127514852096
0.130075236002
0.132802877949
0.136893677819
0.141797491173
0.146803587504
0.149957019452
0.150376533065
0.153361464308
0.15593038493
0.156198950049
0.15784610649
0.159165958555
0.15950278627
0.159817946544
0.161483900837
0.161496200174
0.162666467198
0.162833723312
0.162842575851
0.163875577974
0.164558787867
0.167127178713
0.168035358614
0.170814253264
0.175291793311
0.178899690781
0.180959479507
0.181322893138
0.181721342113
0.183616412645
0.184917080671
0.186671536793
0.190959758348
0.195561830497
0.19877859227
0.19998858904
0.200931788063
0.203339704539
0.205632075113
0.205753792163
0.206421160834
0.206668948087
0.207000353276
0.20849956989
0.211508670801
0.213642943395
0.214562653649
0.241970088803
0.933130661665