0.01
0.14378
0.27055
0.38943
0.49953
0.6
0.70263
0.80945
0.90497
0.97366
1
0.97032
0.89696
0.80344
0.71328
0.65
0.61215
0.58086
0.5535
0.52742
0.5
0.47168
0.4442
0.41688
0.38904
0.36
0.32439
0.2826
0.24262
0.21242
0.2
0.19912
0.19826
0.1974
0.19654
0.1957
0.19486
0.19403
0.19321
0.19239
0.19158
0.19078
0.18999
0.1892
0.18842
0.18765
0.18689
0.18613
0.18538
0.18464
0.1839
0.18317
0.18245
0.18173
0.18102
0.18032
0.17962
0.17893
0.17825
0.17758
0.17691
0.17624
0.17559
0.17494
0.1743
0.17366
0.17303
0.1724
0.17179
0.17117
0.17057
0.16997
0.16938
0.16879
0.16821
0.16763
0.16707
0.1665
0.16595
0.16539
0.16485
0.16431
0.16378
0.16325
0.16272
0.16221
0.1617
0.16119
0.16069
0.1602
0.15971
0.15922
0.15874
0.15827
0.1578
0.15734
0.15688
0.15643
0.15598
0.15554
0.1551
0.15467
0.15425
0.15382
0.15341
0.15299
0.15259
0.15218
0.15179
0.15139
0.151
0.15062
0.15024
0.14987
0.1495
0.14913
0.14877
0.14841
0.14806
0.14771
0.14737
0.14703
0.14669
0.14636
0.14603
0.14571
0.14539
0.14508
0.14477
0.14446
0.14416
0.14386
0.14356
0.14327
0.14298
0.1427
0.14242
0.14214
0.14187
0.1416
0.14133
0.14107
0.14081
0.14056
0.1403
0.14006
0.13981
0.13957
0.13933
0.13909
0.13886
0.13863
0.1384
0.13818
0.13796
0.13774
0.13753
0.13732
0.13711
0.1369
0.1367
0.1365
0.1363
0.1361
0.13591
0.13572
0.13553
0.13535
0.13517
0.13499
0.13481
0.13463
0.13446
0.13429
0.13412
0.13395
0.13379
0.13363
0.13347
0.13331
0.13315
0.133
0.13285
0.1327
0.13255
0.1324
0.13226
0.13211
0.13197
0.13183
0.13169
0.13156
0.13142
0.13129
0.13116
0.13103
0.1309
0.13077
0.13064
0.13052
0.1304
0.13027
0.13015
0.13003
0.12991
0.12979
0.12968
0.12956
0.12944
0.12933
0.12922
0.1291
0.12899
0.12888
0.12877
0.12866
0.12855
0.12844
0.12833
0.12823
0.12812
0.12801
0.12791
0.1278
0.12769
0.12759
0.12748
0.12738
0.12727
0.12717
0.12707
0.12696
0.12686
0.12675
0.12665
0.12654
0.12644
0.12633
0.12623
0.12612
0.12602
0.12591
0.12581
0.1257
0.12559
0.12548
0.12538
0.12527
0.12516
0.12505
0.12494
0.12483
0.12471
0.1246
0.12449
0.12437
0.12426
0.12414
0.12402
0.12391
0.12379
0.12367
0.12354
0.12342
0.1233
0.12317
0.12305
0.12292
0.12279
0.12266
0.12253
0.12239
0.12226
0.12212
0.12198
0.12184
0.1217
0.12156
0.12142
0.12127
0.12112
0.12097
0.12082
0.12066
0.12051
0.12035
0.12019
0.12003
0.11986
0.1197
0.11953
0.11936
0.11919
0.11901
0.11883
0.11865
0.11847
0.11829
0.1181
0.11791
0.11771
0.11752
0.11732
0.11712
0.11692
0.11671
0.1165
0.11629
0.11608
0.11586
0.11564
0.11542
0.11519
0.11496
0.11473
0.11449
0.11425
0.11401
0.11376
0.11352
0.11326
0.11301
0.11275
0.11249
0.11222
0.11195
0.11168
0.1114
0.11112
0.11084
0.11055
0.11026
0.10996
0.10966
0.10936
0.10905
0.10874
0.10843
0.10811
0.10779
0.10746
0.10713
0.10679
0.10645
0.10611
0.10576
0.10541
0.10505
0.10469
0.10433
0.10396
0.10358
0.1032
0.10282
0.10243
0.10204
0.10164
0.10124
0.10083
0.10042
0.1
0.099573
0.099132
0.098676
0.098207
0.097724
0.097228
0.096718
0.096196
0.095662
0.095116
0.094557
0.093988
0.093407
0.092815
0.092213
0.0916
0.090978
0.090345
0.089704
0.089053
0.088394
0.087726
0.08705
0.086366
0.085674
0.084976
0.08427
0.083558
0.082839
0.082114
0.081384
0.080648
0.079907
0.079161
0.07841
0.077656
0.076897
0.076135
0.075369
0.074601
0.073829
0.073056
0.07228
0.071502
0.070723
0.069942
0.069161
0.068379
0.067597
0.066814
0.066032
0.065251
0.06447
0.063691
0.062913
0.062137
0.061363
0.060591
0.059822
0.059056
0.058294
0.057535
0.056779
0.056029
0.055282
0.054541
0.053804
0.053073
0.052348
0.051628
0.050915
0.050209
0.04951
0.048817
0.048133
0.047456
0.046787
0.046127
0.045475
0.044833
0.044199
0.043576
0.042962
0.042359
0.041766
0.041184
0.040613
0.040053
0.039506
0.03897
0.038447
0.037936
0.037438
0.036954
0.036483
0.036026
0.035583
0.035155
0.034741
0.034343
0.03396
0.033592
0.033241
0.032905
0.032587
0.032285
0.032
0.031733
0.031483
0.031252
0.031039
0.030845
0.03067
0.030514
0.030377
0.030261
0.030165
0.030089
0.030034
0.03
0.029977
0.029954
0.02993
0.029907
0.029884
0.029861
0.029838
0.029815
0.029792
0.029768
0.029745
0.029722
0.029699
0.029676
0.029653
0.02963
0.029607
0.029584
0.029562
0.029539
0.029516
0.029493
0.02947
0.029447
0.029424
0.029402
0.029379
0.029356
0.029333
0.029311
0.029288
0.029265
0.029243
0.02922
0.029197
0.029175
0.029152
0.02913
0.029107
0.029084
0.029062
0.029039
0.029017
0.028994
0.028972
0.02895
0.028927
0.028905
0.028882
0.02886
0.028838
0.028815
0.028793
0.028771
0.028748
0.028726
0.028704
0.028682
0.028659
0.028637
0.028615
0.028593
0.028571
0.028549
0.028527
0.028505
0.028482
0.02846
0.028438
0.028416
0.028394
0.028372
0.02835
0.028328
0.028307
0.028285
0.028263
0.028241
0.028219
0.028197
0.028175
0.028154
0.028132
0.02811
0.028088
0.028066
0.028045
0.028023
0.028001
0.02798
0.027958
0.027936
0.027915
0.027893
0.027872
0.02785
0.027828
0.027807
0.027785
0.027764
0.027742
0.027721
0.0277
0.027678
0.027657
0.027635
0.027614
0.027593
0.027571
0.02755
0.027529
0.027507
0.027486
0.027465
0.027444
0.027422
0.027401
0.02738
0.027359
0.027338
0.027316
0.027295
0.027274
0.027253
0.027232
0.027211
0.02719
0.027169
0.027148
0.027127
0.027106
0.027085
0.027064
0.027043
0.027022
0.027001
0.026981
0.02696
0.026939
0.026918
0.026897
0.026877
0.026856
0.026835
0.026814
0.026794
0.026773
0.026752
0.026732
0.026711
0.02669
0.02667
0.026649
0.026628
0.026608
0.026587
0.026567
0.026546
0.026526
0.026505
0.026485
0.026464
0.026444
0.026424
0.026403
0.026383
0.026363
0.026342
0.026322
0.026302
0.026281
0.026261
0.026241
0.02622
0.0262
0.02618
0.02616
0.02614
0.02612
0.026099
0.026079
0.026059
0.026039
0.026019
0.025999
0.025979
0.025959
0.025939
0.025919
0.025899
0.025879
0.025859
0.025839
0.025819
0.025799
0.025779
0.02576
0.02574
0.02572
0.0257
0.02568
0.02566
0.025641
0.025621
0.025601
0.025582
0.025562
0.025542
0.025523
0.025503
0.025483
0.025464
0.025444
0.025424
0.025405
0.025385
0.025366
0.025346
0.025327
0.025307
0.025288
0.025268
0.025249
0.02523
0.02521
0.025191
0.025171
0.025152
0.025133
0.025113
0.025094
0.025075
0.025056
0.025036
0.025017
0.024998
0.024979
0.02496
0.02494
0.024921
